0	2933.82		1.0225576211
1	2777.83		1.0799796964
2	2693.84		1.1136518873
3	2713.83		1.1054487569
4	41.9979		71.4321430357
7	2901.82		1.0338339387
8	2913.82		1.029576295
10	2729.83		1.0989695329
11	2485.85		1.2068306615
12	2721.83		1.102199623
13	2921.82		1.0267572951
14	2893.82		1.036691985
19	2869.83		1.0453580874
21	2933.82		1.0225576211
23	2861.83		1.0482802962
24	2805.83		1.0692023394
25	2677.84		1.1203059182
26	2897.82		1.0352609893
32	141.992		21.1279508705
36	1709.9		1.7544885666
40	173.99		17.2423702512
41	4093.75		0.7328244275
43	213.987		14.0195432433
44	53.9972		55.5584363634
45	101.994		29.4134949115
48	2537.85		1.1821029612
49	2777.83		1.0799796964
53	2653.84		1.1304374039
54	2449.85		1.2245647693
55	57.9969		51.7269026448
56	2889.82		1.0381269422
59	2785.83		1.0768783451
61	2785.83		1.0768783451
63	245.985		12.1958656016
64	2861.83		1.0482802962
66	2841.83		1.055657798
67	2989.82		1.0034048873
68	2861.83		1.0482802962
70	2569.84		1.1673878529
71	2769.83		1.0830989628
72	2645.84		1.1338554108
73	2749.83		1.0909765331
75	2681.84		1.118634967
76	2813.83		1.0661624903
78	2669.84		1.1236628412
80	2757.83		1.0878117941
81	2545.85		1.1783883575
82	2565.84		1.1692077448
83	2769.83		1.0830989628
84	2585.84		1.1601645887
85	2769.83		1.0830989628
86	2713.83		1.1054487569
87	2729.83		1.0989695329
88	2973.82		1.0088034918
89	2769.83		1.0830989628
90	2625.84		1.1424915456
91	2729.83		1.0989695329
92	3125.81		0.9597512325
93	2761.83		1.0862362998
94	2757.83		1.0878117941
96	2945.82		1.0183921625
97	2577.84		1.1637650126
98	2669.84		1.1236628412
99	2813.83		1.0661624903
100	2753.83		1.0893918651
101	2713.83		1.1054487569
102	2929.82		1.02395369
103	2705.84		1.1087130059
104	2657.84		1.1287361165
105	2889.82		1.0381269422
106	2869.83		1.0453580874
109	2769.83		1.0830989628
110	2757.83		1.0878117941
111	2993.82		1.0020642524
112	2805.83		1.0692023394
113	2969.82		1.0101622321
114	3005.82		0.9980637563
115	2789.83		1.0753343394
116	3157.81		0.9500254924
117	2941.82		1.0197768728
119	2973.82		1.0088034918
120	3241.8		0.9254118083
121	2813.83		1.0661624903
122	3013.82		0.9954144574
123	3201.8		0.9369729527
125	3093.81		0.9696781638
126	3065.81		0.978534221
127	2977.82		1.0074484019	
