48	468.5	1.0672358591
49	476.5	1.0493179433
50	492.5	1.0152284264
51	465.5	1.0741138561
52	455.5	1.0976948408
53	464.5	1.0764262648
54	453.5	1.1025358324
55	0	0
56	487.5	1.0256410256
57	451.5	1.1074197121
58	459.5	1.0881392818
59	457.5	1.0928961749
60	462.5	1.0810810811
61	495.5	1.0090817356
62	409.5	1.221001221
63	0	0
64	461.5	1.0834236186
65	477.5	1.0471204188
66	477.5	1.0471204188
67	479.5	1.0427528676
68	477.5	1.0471204188
69	452.5	1.1049723757
70	433.5	1.1534025375
71	464.5	1.0764262648
72	460.5	1.0857763301
73	459.5	1.0881392818
74	446.5	1.1198208287
75	464.5	1.0764262648
76	474.5	1.0537407798
77	459.5	1.0881392818
78	460.5	1.0857763301
79	0	0
80	463.5	1.0787486516
81	446.5	1.1198208287
82	443.5	1.1273957159
83	451.5	1.1074197121
84	449.5	1.1123470523
85	458.5	1.0905125409
86	462.5	1.0810810811
87	462.5	1.0810810811
88	495.5	1.0090817356
89	455.5	1.0976948408
90	464.5	1.0764262648
91	455.5	1.0976948408
92	501.5	0.9970089731
93	479.5	1.0427528676
94	466.5	1.0718113612
95	0	0
96	427.5	1.1695906433
97	448.5	1.1148272018
98	262.5	1.9047619048
99	416.5	1.2004801921
100	441.5	1.1325028313
101	462.5	1.0810810811
102	268.5	1.8621973929
103	245.5	2.0366598778
104	431.5	1.1587485516
105	451.5	1.1074197121
106	434.5	1.1507479862
107	457.5	1.0928961749
108	463.5	1.0787486516
109	476.5	1.0493179433
110	481.5	1.0384215992
111	472.5	1.0582010582
112	465.5	1.0741138561
113	446.5	1.1198208287
114	473.5	1.0559662091
115	472.5	1.0582010582
116	460.5	1.0857763301
117	475.5	1.0515247108
118	0	0
119	496.5	1.0070493454
120	528.5	0.9460737938
121	481.5	1.0384215992
122	494.5	1.0111223458
123	518.5	0.9643201543
124	459.5	1.0881392818
125	497.5	1.0050251256
126	518.5	0.9643201543
127	519.5	0.9624639076
15	459.5	1.0881392818
31	484.5	1.0319917441
