15	1435	1.0452961672
31	1509	0.9940357853
48	1271	1.1801730921
49	1305	1.1494252874
50	1365	1.0989010989
51	1309	1.1459129106
52	1299	1.1547344111
53	1337	1.1219147345
54	1321	1.1355034065
55	0	0
56	1445	1.0380622837
57	1359	1.1037527594
58	1393	1.0768126346
59	1397	1.0737294202
60	1423	1.054111033
61	1531	0.9797517962
62	1251	1.1990407674
63	0	0
64	1443	1.0395010395
65	1475	1.0169491525
66	1473	1.0183299389
67	1467	1.0224948875
68	1453	1.0323468685
69	1363	1.100513573
70	1275	1.1764705882
71	1369	1.0956902849
72	1347	1.1135857461
73	1325	1.1320754717
74	1277	1.1746280345
75	1311	1.1441647597
76	1323	1.1337868481
77	1265	1.185770751
78	1241	1.2087026591
79	0	0
80	1447	1.0366275052
81	1383	1.0845986985
82	1369	1.0956902849
83	1375	1.0909090909
84	1367	1.0972933431
85	1385	1.083032491
86	1385	1.083032491
87	1371	1.0940919037
88	1451	1.0337698139
89	1317	1.138952164
90	1327	1.130369254
91	1287	1.1655011655
92	1397	1.0737294202
93	1321	1.1355034065
94	1273	1.1783189317
95	0	0
96	1335	0
97	1397	1.0737294202
98	811	1.849568434
99	1281	1.1709601874
100	1349	1.1119347665
101	1401	1.0706638116
102	805	1.8633540373
103	729	2.0576131687
104	1267	1.183898974
105	1331	1.1269722014
106	1243	1.2067578439
107	1299	1.1547344111
108	1299	1.1547344111
109	1323	1.1337868481
110	1315	1.1406844106
111	1291	1.1618900077
112	1451	1.0337698139
113	1391	1.0783608914
114	1469	1.021102791
115	1457	1.0295126973
116	1413	1.0615711253
117	1447	1.0366275052
118	0	0
119	0	0
120	1563	0.9596928983
121	1411	1.0630758327
122	1429	1.0496850945
123	1483	1.0114632502
124	1299	1.1547344111
125	1385	1.083032491
126	1421	1.0555946517
127	1409	1.0645848119
